10,241
10,183
10,237
10,203
10,217
10,197
10,15
11,27
11,12
11,7
11,18
11,8
11,20
8,7
8,4
8,11
1149,6
1149,5
1149,4
1149,3
1149,2
1149,1
1149,0
1147,3
1147,2
1147,1
1147,0
1146,4
1146,3
1146,2
1146,1
1146,0
1141,3
1141,2
1141,1
1141,0
20,3
20,2
20,1
19,3
19,2
19,1
12,3
12,2
12,1
11,25
11,23
11,21
11,17
11,16
11,15
11,13
11,10
11,9
11,6
11,4
11,3
11,2
11,1
10,313
10,278
10,208
10,200
10,139
10,133
10,130
10,119
10,110
10,93
18,1
10,89
18,3
10,83
10,68
10,66
14,1
10,35
10,24
10,3
14,3
10,2
13,1
10,1
9,7
9,6
9,5
9,4
9,3
13,3
9,2
9,1
8,18
8,17
8,16
8,15
8,12
8,10
8,9
8,8
8,6
8,5
8,3
8,2
8,1
3,3
3,2
3,1
0,537
2,2
2,1
0,501
0,497
0,494
